12112299|mnhputera           |223344|000000001200.43|
12112319|eadenF              |112319|000000047000.00|
12112300|wadoichimonji       |000000|000001611230.00|
12213055|qimmyz              |172002|000000000580.00|
12115678|skywalker           |654321|000000000500.00|
12115679|rogerss             |987654|000000001250.50|
12115680|romanoff            |112233|000000002750.00|
12115681|parkerp             |445566|000000000050.25|
12115682|banners             |778899|000000009000.00|
12115683|odinsont            |001122|000001000000.00|
12115684|bartonc             |334455|000000000320.75|
12115685|maximoffw           |667788|000000005600.00|
12115686|vision              |990011|000000008400.10|
12115687|wilsons             |223344|000000001500.50|
